3.20434e-09 35.6843 1
5.7008e-09 35.6085 1
8.19726e-09 35.2981 1
1.06937e-08 34.4016 1
1.31902e-08 33.2715 1
1.56866e-08 35.065 1
1.81831e-08 39.0932 1
2.06796e-08 39.8182 1
2.3176e-08 35.2899 1
2.56725e-08 32.7084 1
2.81689e-08 32.5178 1
3.06654e-08 36.0853 1
3.31619e-08 36.0392 1
3.56583e-08 36.4133 1
3.81548e-08 37.24 1
4.06512e-08 37.2705 1
4.31477e-08 36.6536 1
4.56442e-08 31.3053 1
4.81406e-08 27.0359 1
5.06371e-08 28.6286 1
5.31335e-08 36.4231 1
5.563e-08 41.6639 1
5.81265e-08 40.0147 1
6.06229e-08 44.0668 1
6.31194e-08 45.0796 1
6.56159e-08 39.4504 1
6.81123e-08 41.1235 1
7.06088e-08 48.62 0.994241
7.31052e-08 39.7801 1
7.56017e-08 28.9698 1
7.80982e-08 33.5557 1
8.05946e-08 38.1925 1
8.30911e-08 33.1523 1
8.55875e-08 32.113 1
8.8084e-08 35.5172 1
9.05805e-08 35.9004 1
9.30769e-08 35.4917 1
9.55734e-08 36.7495 1
9.80698e-08 42.1843 1
1.00566e-07 50.914 0.908369
1.03063e-07 47.7607 0.99886
1.05559e-07 37.3151 1
1.08056e-07 36.5377 1
1.10552e-07 44.839 1
1.13049e-07 47.5519 0.999278
1.15545e-07 45.9561 0.999992
1.18042e-07 37.2405 1
1.20538e-07 28.6504 1
1.23034e-07 31.4565 1
1.25531e-07 38.2571 1
1.28027e-07 42.0256 1
1.30524e-07 35.8561 1
1.3302e-07 29.5661 1
1.35517e-07 27.3978 1
1.38013e-07 27.1867 1
1.4051e-07 31.3814 1
1.43006e-07 32.7103 1
1.45503e-07 32.7471 1
1.47999e-07 38.0388 1
1.50496e-07 38.7739 1
1.52992e-07 36.9235 1
1.55488e-07 39.0395 1
1.57985e-07 37.8062 1
1.60481e-07 32.5359 1
1.62978e-07 28.1867 1
1.65474e-07 30.2805 1
1.67971e-07 36.1271 1
1.70467e-07 37.0003 1
1.72964e-07 35.1839 1
1.7546e-07 32.4654 1
1.77957e-07 35.5146 1
1.80453e-07 40.5152 1
1.8295e-07 36.4692 1
1.85446e-07 34.1323 1
1.87942e-07 38.0466 1
1.90439e-07 35.5874 1
1.92935e-07 33.5722 1
1.95432e-07 37.1988 1
1.97928e-07 39.764 1
2.00425e-07 42.1854 1
2.02921e-07 43.4624 1
2.05418e-07 41.8133 1
2.07914e-07 39.2912 1
2.10411e-07 35.3291 1
2.12907e-07 32.2743 1
2.15403e-07 34.455 1
2.179e-07 40.8267 1
2.20396e-07 38.9241 1
2.22893e-07 31.3554 1
2.25389e-07 35.1032 1
2.27886e-07 38.0025 1
2.30382e-07 32.8009 1
2.32879e-07 32.5954 1
2.35375e-07 33.3158 1
2.37872e-07 31.5784 1
2.40368e-07 38.8687 1
2.42865e-07 46.5343 0.999948
2.45361e-07 43.3002 1
2.47857e-07 38.348 1
2.50354e-07 32.5843 1
2.5285e-07 28.1986 1
2.55347e-07 31.7007 1
2.57843e-07 36.9651 1
2.6034e-07 31.0814 1
2.62836e-07 28.6347 1
2.65333e-07 37.5152 1
2.67829e-07 43.4109 1
2.70326e-07 41.1076 1
2.72822e-07 34.7969 1
2.75319e-07 30.6191 1
2.77815e-07 34.3998 1
2.80311e-07 39.7304 1
2.82808e-07 43.1266 1
2.85304e-07 40.67 1
2.87801e-07 36.6423 1
2.90297e-07 39.964 1
2.92794e-07 44.2711 1
2.9529e-07 41.6017 1
2.97787e-07 41.0191 1
3.00283e-07 42.805 1
3.0278e-07 40.6593 1
3.05276e-07 45.1952 1
3.07773e-07 44.8278 1
3.10269e-07 43.4718 1
3.12765e-07 43.4991 1
3.15262e-07 39.3206 1
3.17758e-07 33.9063 1
3.20255e-07 40.4278 1
3.22751e-07 48.7324 0.993076
3.25248e-07 39.7042 1
3.27744e-07 34.9671 1
3.30241e-07 47.8134 0.998726
3.32737e-07 50.6278 0.928562
3.35234e-07 45.6011 0.999998
3.3773e-07 49.6952 0.973272
3.40227e-07 41.2697 1
3.42723e-07 27.0824 1
3.45219e-07 30.4971 1
3.47716e-07 34.1017 1
3.50212e-07 33.2236 1
3.52709e-07 38.9117 1
3.55205e-07 40.2135 1
3.57702e-07 36.0086 1
3.60198e-07 33.1479 1
3.62695e-07 29.8681 1
3.65191e-07 30.9593 1
3.67688e-07 37.2332 1
3.70184e-07 38.7441 1
3.72681e-07 36.2861 1
3.75177e-07 37.6962 1
3.77673e-07 38.639 1
3.8017e-07 42.2633 1
3.82666e-07 40.392 1
3.85163e-07 34.2388 1
3.87659e-07 29.246 1
3.90156e-07 27.0728 1
3.92652e-07 30.1584 1
3.95149e-07 38.5406 1
3.97645e-07 44.6569 1
4.00142e-07 41.8373 1
4.02638e-07 34.7824 1
4.05134e-07 27.2722 1
4.07631e-07 29.9893 1
4.10127e-07 44.3896 1
4.12624e-07 47.9681 0.998252
4.1512e-07 47.5982 0.999199
4.17617e-07 38.3846 1
4.20113e-07 27.4019 1
4.2261e-07 29.4174 1
4.25106e-07 38.7531 1
4.27603e-07 43.2231 1
4.30099e-07 43.4822 1
4.32596e-07 34.657 1
4.35092e-07 28.1594 1
4.37588e-07 27.521 1
4.40085e-07 30.8982 1
4.42581e-07 37.0828 1
4.45078e-07 41.7991 1
4.47574e-07 41.7837 1
4.50071e-07 38.272 1
4.52567e-07 36.9787 1
4.55064e-07 36.8104 1
4.5756e-07 39.2833 1
4.60057e-07 34.5635 1
4.62553e-07 29.6905 1
4.6505e-07 31.4951 1
4.67546e-07 34.1765 1
4.70042e-07 37.6853 1
4.72539e-07 40.5849 1
4.75035e-07 36.1669 1
4.77532e-07 32.9778 1
4.80028e-07 33.8909 1
4.82525e-07 27.4801 1
4.85021e-07 31.2441 1
4.87518e-07 46.9906 0.999815
4.90014e-07 48.3068 0.996661
4.92511e-07 47.2311 0.99966
4.95007e-07 51.496 0.857526
4.97504e-07 42.1473 1
5e-07 34.1817 1
