3.20434e-09 45.8113 0.999995
5.7008e-09 45.478 0.999999
8.19726e-09 44.5111 1
1.06937e-08 41.94 1
1.31902e-08 43.9599 1
1.56866e-08 68.3634 0.00130298
1.81831e-08 88.6171 1.50394e-08
2.06796e-08 80.0527 2.4057e-06
2.3176e-08 57.1164 0.202713
2.56725e-08 49.4513 0.98033
2.81689e-08 44.9458 1
3.06654e-08 39.485 1
3.31619e-08 36.9875 1
3.56583e-08 37.7369 1
3.81548e-08 41.521 1
4.06512e-08 44.5241 1
4.31477e-08 48.1371 0.997567
4.56442e-08 42.3607 1
4.81406e-08 28.4434 1
5.06371e-08 28.4921 1
5.31335e-08 32.2242 1
5.563e-08 26.0437 1
5.81265e-08 29.9673 1
6.06229e-08 41.5394 1
6.31194e-08 42.1958 1
6.56159e-08 43.1654 1
6.81123e-08 49.6163 0.975736
7.06088e-08 44.7539 1
7.31052e-08 39.0247 1
7.56017e-08 43.6545 1
7.80982e-08 39.4997 1
8.05946e-08 35.8975 1
8.30911e-08 45.7749 0.999996
8.55875e-08 44.9783 1
8.8084e-08 43.3831 1
9.05805e-08 44.074 1
9.30769e-08 30.718 1
9.55734e-08 23.4308 1
9.80698e-08 30.2929 1
1.00566e-07 34.8641 1
1.03063e-07 39.8406 1
1.05559e-07 42.8183 1
1.08056e-07 38.2082 1
1.10552e-07 36.6991 1
1.13049e-07 38.1455 1
1.15545e-07 42.4263 1
1.18042e-07 44.8052 1
1.20538e-07 41.7976 1
1.23034e-07 39.377 1
1.25531e-07 39.2057 1
1.28027e-07 36.1903 1
1.30524e-07 33.6108 1
1.3302e-07 36.861 1
1.35517e-07 45.0329 1
1.38013e-07 48.0637 0.997888
1.4051e-07 43.1668 1
1.43006e-07 36.3204 1
1.45503e-07 33.939 1
1.47999e-07 36.7086 1
1.50496e-07 39.4614 1
1.52992e-07 41.9493 1
1.55488e-07 43.5314 1
1.57985e-07 43.7209 1
1.60481e-07 43.2971 1
1.62978e-07 39.0355 1
1.65474e-07 37.0735 1
1.67971e-07 37.9285 1
1.70467e-07 31.0124 1
1.72964e-07 28.3105 1
1.7546e-07 44.4476 1
1.77957e-07 50.7999 0.916807
1.80453e-07 38.3123 1
1.8295e-07 32.5049 1
1.85446e-07 38.2384 1
1.87942e-07 33.2861 1
1.90439e-07 24.5947 1
1.92935e-07 35.8301 1
1.95432e-07 38.1267 1
1.97928e-07 22.1343 1
2.00425e-07 28.5334 1
2.02921e-07 45.326 0.999999
2.05418e-07 42.0732 1
2.07914e-07 35.7357 1
2.10411e-07 36.1491 1
2.12907e-07 34.9841 1
2.15403e-07 30.7994 1
2.179e-07 33.8755 1
2.20396e-07 45.4696 0.999999
2.22893e-07 42.7671 1
2.25389e-07 28.4574 1
2.27886e-07 28.8584 1
2.30382e-07 38.0914 1
2.32879e-07 39.7947 1
2.35375e-07 33.1142 1
2.37872e-07 29.2613 1
2.40368e-07 32.4862 1
2.42865e-07 30.7904 1
2.45361e-07 24.4964 1
2.47857e-07 28.9936 1
2.50354e-07 39.3348 1
2.5285e-07 36.0778 1
2.55347e-07 28.5728 1
2.57843e-07 28.1018 1
2.6034e-07 25.6011 1
2.62836e-07 23.7547 1
2.65333e-07 31.1745 1
2.67829e-07 32.8658 1
2.70326e-07 23.7755 1
2.72822e-07 28.6671 1
2.75319e-07 36.8646 1
2.77815e-07 33.8422 1
2.80311e-07 34.268 1
2.82808e-07 34.8093 1
2.85304e-07 32.238 1
2.87801e-07 33.6601 1
2.90297e-07 32.5593 1
2.92794e-07 30.9016 1
2.9529e-07 32.08 1
2.97787e-07 34.6112 1
3.00283e-07 41.5862 1
3.0278e-07 42.2655 1
3.05276e-07 33.7813 1
3.07773e-07 35.7957 1
3.10269e-07 41.4379 1
3.12765e-07 35.3112 1
3.15262e-07 28.317 1
3.17758e-07 32.2296 1
3.20255e-07 42.6386 1
3.22751e-07 47.2372 0.999655
3.25248e-07 41.1829 1
3.27744e-07 36.5192 1
3.30241e-07 46.0541 0.999989
3.32737e-07 55.5657 0.345146
3.35234e-07 49.1308 0.987311
3.3773e-07 27.1916 1
3.40227e-07 20.6126 1
3.42723e-07 25.3629 1
3.45219e-07 34.4104 1
3.47716e-07 38.0376 1
3.50212e-07 40.2194 1
3.52709e-07 46.6626 0.999925
3.55205e-07 45.4603 0.999999
3.57702e-07 39.9185 1
3.60198e-07 42.328 1
3.62695e-07 40.0144 1
3.65191e-07 38.5553 1
3.67688e-07 40.5845 1
3.70184e-07 39.2922 1
3.72681e-07 34.7062 1
3.75177e-07 31.7268 1
3.77673e-07 28.8398 1
3.8017e-07 27.4022 1
3.82666e-07 32.606 1
3.85163e-07 45.1336 1
3.87659e-07 44.6448 1
3.90156e-07 36.5467 1
3.92652e-07 38.9657 1
3.95149e-07 40.2917 1
3.97645e-07 37.7856 1
4.00142e-07 38.7756 1
4.02638e-07 38.8185 1
4.05134e-07 33.2601 1
4.07631e-07 26.2948 1
4.10127e-07 23.4651 1
4.12624e-07 26.1392 1
4.1512e-07 25.3298 1
4.17617e-07 23.4605 1
4.20113e-07 28.5887 1
4.2261e-07 36.1972 1
4.25106e-07 39.5663 1
4.27603e-07 37.8591 1
4.30099e-07 38.6058 1
4.32596e-07 40.5786 1
4.35092e-07 37.1443 1
4.37588e-07 39.093 1
4.40085e-07 46.9 0.999855
4.42581e-07 40.546 1
4.45078e-07 28.7404 1
4.47574e-07 27.1548 1
4.50071e-07 30.1032 1
4.52567e-07 32.7989 1
4.55064e-07 36.5082 1
4.5756e-07 40.5958 1
4.60057e-07 39.574 1
4.62553e-07 39.1814 1
4.6505e-07 41.9901 1
4.67546e-07 40.7743 1
4.70042e-07 41.5604 1
4.72539e-07 46.6894 0.999919
4.75035e-07 44.137 1
4.77532e-07 38.8049 1
4.80028e-07 37.3484 1
4.82525e-07 30.8096 1
4.85021e-07 22.5301 1
4.87518e-07 21.4382 1
4.90014e-07 34.4686 1
4.92511e-07 52.0837 0.793976
4.95007e-07 53.6629 0.586394
4.97504e-07 40.4902 1
5e-07 37.1048 1
